 RECORD OF SVD CALCULATIONS: CASE eeek


 ------------------------------------------------------------------------------
 OPTIMISATION ITERATION NO.        :    1


 CURRENT VALUE OF MARQUARDT LAMBDA =    1.000E-08 ----->

 SINGULAR VALUES:-
   17160.70       7801.087       397.9672       58.76214    


 MATRIX OF EIGENVECTORS:-
 -0.5012993     -0.1717550     -0.8041159      0.2694382    
  0.8075853     -0.4447405     -0.3663653      0.1256519    
  0.3105927      0.8786890     -0.3513214      8.9504845E-02
  6.0962369E-03  2.4735320E-02  0.3094309      0.9505806    

 Number of singular values used in solution = 3


 ------------------------------------------------------------------------------
 OPTIMISATION ITERATION NO.        :    2


 CURRENT VALUE OF MARQUARDT LAMBDA =    1.000E-08 ----->

 SINGULAR VALUES:-
   14612.22       6527.899       296.1901       56.18051    


 MATRIX OF EIGENVECTORS:-
 -0.5074677     -0.1620744     -0.7865982      0.3122045    
  0.8063505     -0.4355596     -0.3711246      0.1495104    
  0.3037051      0.8851279     -0.3363842      0.1056292    
  6.2172614E-03  2.3841891E-02  0.3610754      0.9322111    

 Number of singular values used in solution = 3


 ------------------------------------------------------------------------------
 OPTIMISATION ITERATION NO.        :    3


 CURRENT VALUE OF MARQUARDT LAMBDA =    1.000E-08 ----->

 SINGULAR VALUES:-
   14406.90       6406.856       289.1750       56.18167    


 MATRIX OF EIGENVECTORS:-
 -0.5108023     -0.1615512     -0.7823756      0.3176014    
  0.8043349     -0.4365696     -0.3727241      0.1533921    
  0.3034578      0.8847279     -0.3366750      0.1087197    
  6.3063188E-03  2.3765815E-02  0.3682596      0.9293978    

 Number of singular values used in solution = 3


 ------------------------------------------------------------------------------
 OPTIMISATION ITERATION NO.        :    4


 CURRENT VALUE OF MARQUARDT LAMBDA =    1.000E-08 ----->

 SINGULAR VALUES:-
   14385.63       6394.922       288.3980       56.15404    


 MATRIX OF EIGENVECTORS:-
 -0.5108807     -0.1615964     -0.7821235      0.3180728    
  0.8043404     -0.4364660     -0.3727240      0.1536580    
  0.3033113      0.8847711     -0.3366188      0.1089504    
  6.3046516E-03  2.3752179E-02  0.3688460      0.9291656    

 Number of singular values used in solution = 3


 ------------------------------------------------------------------------------
 OPTIMISATION ITERATION NO.        :    5


 CURRENT VALUE OF MARQUARDT LAMBDA =    1.000E-08 ----->

 SINGULAR VALUES:-
   14384.40       6394.215       288.3530       56.15248    


 MATRIX OF EIGENVECTORS:-
 -0.5108839     -0.1616011     -0.7821092      0.3181005    
  0.8043422     -0.4364584     -0.3727227      0.1536730    
  0.3033010      0.8847740     -0.3366160      0.1089641    
  6.3044553E-03  2.3751390E-02  0.3688803      0.9291520    

 Number of singular values used in solution = 3


 ------------------------------------------------------------------------------
 OPTIMISATION ITERATION NO.        :    6


 CURRENT VALUE OF MARQUARDT LAMBDA =    1.000E-08 ----->

 SINGULAR VALUES:-
   14384.33       6394.174       288.3504       56.15239    


 MATRIX OF EIGENVECTORS:-
 -0.5108841     -0.1616014     -0.7821084      0.3181021    
  0.8043424     -0.4364580     -0.3727226      0.1536739    
  0.3033004      0.8847741     -0.3366159      0.1089649    
  6.3044440E-03  2.3751344E-02  0.3688823      0.9291512    

 Number of singular values used in solution = 3


 ------------------------------------------------------------------------------
 OPTIMISATION ITERATION NO.        :    7


 CURRENT VALUE OF MARQUARDT LAMBDA =    1.000E-08 ----->

 SINGULAR VALUES:-
   14384.32       6394.171       288.3502       56.15238    


 MATRIX OF EIGENVECTORS:-
 -0.5108841     -0.1616014     -0.7821083      0.3181022    
  0.8043424     -0.4364579     -0.3727226      0.1536739    
  0.3033003      0.8847742     -0.3366159      0.1089650    
  6.3044431E-03  2.3751342E-02  0.3688824      0.9291512    

 Number of singular values used in solution = 3


 ------------------------------------------------------------------------------
 OPTIMISATION ITERATION NO.        :    8


 CURRENT VALUE OF MARQUARDT LAMBDA =    1.000E-08 ----->

 SINGULAR VALUES:-
   14384.32       6394.171       288.3502       56.15238    


 MATRIX OF EIGENVECTORS:-
 -0.5108841     -0.1616014     -0.7821083      0.3181022    
  0.8043424     -0.4364579     -0.3727226      0.1536739    
  0.3033003      0.8847742     -0.3366159      0.1089650    
  6.3044431E-03  2.3751342E-02  0.3688824      0.9291512    

 Number of singular values used in solution = 3


 ------------------------------------------------------------------------------
 OPTIMISATION ITERATION NO.        :    9


 CURRENT VALUE OF MARQUARDT LAMBDA =    1.000E-08 ----->

 SINGULAR VALUES:-
   14384.32       6394.171       288.3502       56.15238    


 MATRIX OF EIGENVECTORS:-
 -0.5108841     -0.1616014     -0.7821083      0.3181022    
  0.8043424     -0.4364579     -0.3727226      0.1536739    
  0.3033003      0.8847742     -0.3366159      0.1089650    
  6.3044431E-03  2.3751342E-02  0.3688824      0.9291512    

 Number of singular values used in solution = 3


 ------------------------------------------------------------------------------
 OPTIMISATION ITERATION NO.        :   10


 CURRENT VALUE OF MARQUARDT LAMBDA =    1.000E-08 ----->

 SINGULAR VALUES:-
   14384.32       6394.171       288.3502       56.15238    


 MATRIX OF EIGENVECTORS:-
 -0.5108841     -0.1616014     -0.7821083      0.3181022    
  0.8043424     -0.4364579     -0.3727226      0.1536739    
  0.3033003      0.8847742     -0.3366159      0.1089650    
  6.3044431E-03  2.3751342E-02  0.3688824      0.9291512    

 Number of singular values used in solution = 3


 ------------------------------------------------------------------------------
 OPTIMISATION ITERATION NO.        :   11


 CURRENT VALUE OF MARQUARDT LAMBDA =    1.000E-08 ----->

 SINGULAR VALUES:-
   14384.32       6394.171       288.3502       56.15238    


 MATRIX OF EIGENVECTORS:-
 -0.5108841     -0.1616014     -0.7821083      0.3181022    
  0.8043424     -0.4364579     -0.3727226      0.1536739    
  0.3033003      0.8847742     -0.3366159      0.1089650    
  6.3044431E-03  2.3751342E-02  0.3688824      0.9291512    

 Number of singular values used in solution = 3


 ------------------------------------------------------------------------------
 OPTIMISATION ITERATION NO.        :   12


 CURRENT VALUE OF MARQUARDT LAMBDA =    1.000E-08 ----->

 SINGULAR VALUES:-
   14384.32       6394.171       288.3502       56.15238    


 MATRIX OF EIGENVECTORS:-
 -0.5108841     -0.1616014     -0.7821083      0.3181022    
  0.8043424     -0.4364579     -0.3727226      0.1536739    
  0.3033003      0.8847742     -0.3366159      0.1089650    
  6.3044431E-03  2.3751342E-02  0.3688824      0.9291512    

 Number of singular values used in solution = 3
