 RECORD OF SVD CALCULATIONS: CASE eeek


 ------------------------------------------------------------------------------
 OPTIMISATION ITERATION NO.        :    1


 CURRENT VALUE OF MARQUARDT LAMBDA =    1.000E-08 ----->

 SINGULAR VALUES:-
   22880.86       11157.86       599.9737       129.1417    


 MATRIX OF EIGENVECTORS:-
 -0.5596091     -0.1218078     -0.7781933      0.2577123    
  0.7188548     -0.5635672     -0.3860899      0.1287412    
  0.4122424      0.8166504     -0.3918735      9.7844202E-02
  1.1900554E-02  2.5237572E-02  0.3029601      0.9525947    

 Number of singular values used in solution = 3


 ------------------------------------------------------------------------------
 OPTIMISATION ITERATION NO.        :    2


 CURRENT VALUE OF MARQUARDT LAMBDA =    1.000E-08 ----->

 SINGULAR VALUES:-
   21382.52       10923.42       545.0210       136.1799    


 MATRIX OF EIGENVECTORS:-
 -0.5045628     -0.1327030     -0.8089483      0.2709409    
  0.7677615     -0.5209320     -0.3529535      0.1208140    
  0.3947821      0.8427781     -0.3555041      8.6539461E-02
  1.0289772E-02  2.7292815E-02  0.3076415      0.9510552    

 Number of singular values used in solution = 3


 ------------------------------------------------------------------------------
 OPTIMISATION ITERATION NO.        :    3


 CURRENT VALUE OF MARQUARDT LAMBDA =    1.000E-08 ----->

 SINGULAR VALUES:-
   21281.82       10862.59       541.9358       137.0964    


 MATRIX OF EIGENVECTORS:-
 -0.5053115     -0.1321347     -0.8077573      0.2733659    
  0.7672274     -0.5211234     -0.3533601      0.1221847    
  0.3948611      0.8427452     -0.3552561      8.7512698E-02
  1.0352781E-02  2.7411416E-02  0.3105767      0.9500966    

 Number of singular values used in solution = 3


 ------------------------------------------------------------------------------
 OPTIMISATION ITERATION NO.        :    4


 CURRENT VALUE OF MARQUARDT LAMBDA =    1.000E-08 ----->

 SINGULAR VALUES:-
   21292.97       10870.18       542.4647       137.1234    


 MATRIX OF EIGENVECTORS:-
 -0.5052699     -0.1320905     -0.8078463      0.2732009    
  0.7672037     -0.5211936     -0.3533394      0.1220944    
  0.3949602      0.8427085     -0.3552546      8.7423769E-02
  1.0356154E-02  2.7415593E-02  0.3103705      0.9501638    

 Number of singular values used in solution = 3


 ------------------------------------------------------------------------------
 OPTIMISATION ITERATION NO.        :    5


 CURRENT VALUE OF MARQUARDT LAMBDA =    1.000E-08 ----->

 SINGULAR VALUES:-
   21295.23       10871.74       542.5726       137.1291    


 MATRIX OF EIGENVECTORS:-
 -0.5052599     -0.1320825     -0.8078653      0.2731673    
  0.7672004     -0.5212065     -0.3533340      0.1220755    
  0.3949795      0.8427018     -0.3552537      8.7405331E-02
  1.0356769E-02  2.7416499E-02  0.3103282      0.9501776    

 Number of singular values used in solution = 3


 ------------------------------------------------------------------------------
 OPTIMISATION ITERATION NO.        :    6


 CURRENT VALUE OF MARQUARDT LAMBDA =    1.000E-08 ----->

 SINGULAR VALUES:-
   21295.06       10871.62       542.5644       137.1287    


 MATRIX OF EIGENVECTORS:-
 -0.5052602     -0.1320833     -0.8078641      0.2731698    
  0.7672010     -0.5212052     -0.3533341      0.1220768    
  0.3949778      0.8427025     -0.3552536      8.7406633E-02
  1.0356703E-02  2.7416446E-02  0.3103313      0.9501766    

 Number of singular values used in solution = 3


 ------------------------------------------------------------------------------
 OPTIMISATION ITERATION NO.        :    7


 CURRENT VALUE OF MARQUARDT LAMBDA =    1.000E-08 ----->

 SINGULAR VALUES:-
   21295.06       10871.62       542.5646       137.1287    


 MATRIX OF EIGENVECTORS:-
 -0.5052602     -0.1320833     -0.8078641      0.2731698    
  0.7672010     -0.5212052     -0.3533341      0.1220768    
  0.3949778      0.8427025     -0.3552536      8.7406595E-02
  1.0356705E-02  2.7416447E-02  0.3103312      0.9501766    

 Number of singular values used in solution = 3


 ------------------------------------------------------------------------------
 OPTIMISATION ITERATION NO.        :    8


 CURRENT VALUE OF MARQUARDT LAMBDA =    1.000E-08 ----->

 SINGULAR VALUES:-
   21295.06       10871.62       542.5646       137.1287    


 MATRIX OF EIGENVECTORS:-
 -0.5052602     -0.1320833     -0.8078641      0.2731698    
  0.7672010     -0.5212052     -0.3533341      0.1220768    
  0.3949778      0.8427025     -0.3552536      8.7406597E-02
  1.0356705E-02  2.7416447E-02  0.3103312      0.9501766    

 Number of singular values used in solution = 3


 ------------------------------------------------------------------------------
 OPTIMISATION ITERATION NO.        :    9


 CURRENT VALUE OF MARQUARDT LAMBDA =    1.000E-08 ----->

 SINGULAR VALUES:-
   21295.06       10871.62       542.5646       137.1287    


 MATRIX OF EIGENVECTORS:-
 -0.5052602     -0.1320833     -0.8078641      0.2731698    
  0.7672010     -0.5212052     -0.3533341      0.1220768    
  0.3949778      0.8427025     -0.3552536      8.7406597E-02
  1.0356705E-02  2.7416447E-02  0.3103312      0.9501766    

 Number of singular values used in solution = 3


 ------------------------------------------------------------------------------
 OPTIMISATION ITERATION NO.        :   10


 CURRENT VALUE OF MARQUARDT LAMBDA =    1.000E-08 ----->

 SINGULAR VALUES:-
   21295.06       10871.62       542.5646       137.1287    


 MATRIX OF EIGENVECTORS:-
 -0.5052602     -0.1320833     -0.8078641      0.2731698    
  0.7672010     -0.5212052     -0.3533341      0.1220768    
  0.3949778      0.8427025     -0.3552536      8.7406597E-02
  1.0356705E-02  2.7416447E-02  0.3103312      0.9501766    

 Number of singular values used in solution = 3


 ------------------------------------------------------------------------------
 OPTIMISATION ITERATION NO.        :   11


 CURRENT VALUE OF MARQUARDT LAMBDA =    1.000E-08 ----->

 SINGULAR VALUES:-
   21295.06       10871.62       542.5646       137.1287    


 MATRIX OF EIGENVECTORS:-
 -0.5052602     -0.1320833     -0.8078641      0.2731698    
  0.7672010     -0.5212052     -0.3533341      0.1220768    
  0.3949778      0.8427025     -0.3552536      8.7406597E-02
  1.0356705E-02  2.7416447E-02  0.3103312      0.9501766    

 Number of singular values used in solution = 3


 ------------------------------------------------------------------------------
 OPTIMISATION ITERATION NO.        :   12


 CURRENT VALUE OF MARQUARDT LAMBDA =    1.000E-08 ----->

 SINGULAR VALUES:-
   21295.06       10871.62       542.5646       137.1287    


 MATRIX OF EIGENVECTORS:-
 -0.5052602     -0.1320833     -0.8078641      0.2731698    
  0.7672010     -0.5212052     -0.3533341      0.1220768    
  0.3949778      0.8427025     -0.3552536      8.7406597E-02
  1.0356705E-02  2.7416447E-02  0.3103312      0.9501766    

 Number of singular values used in solution = 3
