 RECORD OF SVD CALCULATIONS: CASE eeek


 ------------------------------------------------------------------------------
 OPTIMISATION ITERATION NO.        :    1


 CURRENT VALUE OF MARQUARDT LAMBDA =    1.000E-08 ----->

 SINGULAR VALUES:-
   11294.43       3991.895       147.7527       16.63548    


 MATRIX OF EIGENVECTORS:-
 -0.4641820     -0.2196884     -0.8001260      0.3099524    
  0.8499795     -0.3827872     -0.3336533      0.1403009    
  0.2491053      0.8959355     -0.3581385      8.3564165E-02
  4.0626128E-03  5.0105805E-02  0.3467141      0.9366228    

 Number of singular values used in solution = 3


 ------------------------------------------------------------------------------
 OPTIMISATION ITERATION NO.        :    2


 CURRENT VALUE OF MARQUARDT LAMBDA =    1.000E-08 ----->

 SINGULAR VALUES:-
   12795.82       4624.013       190.6311       16.87129    


 MATRIX OF EIGENVECTORS:-
 -0.4702323     -0.2321557     -0.8056467      0.2755335    
  0.8443930     -0.3987782     -0.3351444      0.1251185    
  0.2566379      0.8858764     -0.3787083      7.7070826E-02
  4.3540036E-03  4.7985593E-02  0.3085315      0.9499930    

 Number of singular values used in solution = 3


 ------------------------------------------------------------------------------
 OPTIMISATION ITERATION NO.        :    3


 CURRENT VALUE OF MARQUARDT LAMBDA =    1.000E-08 ----->

 SINGULAR VALUES:-
   12726.63       4589.802       188.9804       16.92030    


 MATRIX OF EIGENVECTORS:-
 -0.4722202     -0.2318196     -0.8040761      0.2770006    
  0.8431974     -0.3998738     -0.3363566      0.1264253    
  0.2569178      0.8854547     -0.3793433      7.7857771E-02
  4.4249608E-03  4.8274958E-02  0.3105229      0.9493290    

 Number of singular values used in solution = 3


 ------------------------------------------------------------------------------
 OPTIMISATION ITERATION NO.        :    4


 CURRENT VALUE OF MARQUARDT LAMBDA =    1.000E-08 ----->

 SINGULAR VALUES:-
   12720.16       4587.372       188.7883       16.91929    


 MATRIX OF EIGENVECTORS:-
 -0.4722067     -0.2317302     -0.8040663      0.2771271    
  0.8432074     -0.3998212     -0.3363712      0.1264862    
  0.2569097      0.8855015     -0.3792364      7.7873117E-02
  4.4252390E-03  4.8282586E-02  0.3106632      0.9492827    

 Number of singular values used in solution = 3


 ------------------------------------------------------------------------------
 OPTIMISATION ITERATION NO.        :    5


 CURRENT VALUE OF MARQUARDT LAMBDA =    1.000E-08 ----->

 SINGULAR VALUES:-
   12720.19       4587.387       188.7891       16.91930    


 MATRIX OF EIGENVECTORS:-
 -0.4722065     -0.2317300     -0.8040666      0.2771266    
  0.8432074     -0.3998213     -0.3363712      0.1264859    
  0.2569100      0.8855015     -0.3792362      7.7872841E-02
  4.4252478E-03  4.8282549E-02  0.3106626      0.9492829    

 Number of singular values used in solution = 3


 ------------------------------------------------------------------------------
 OPTIMISATION ITERATION NO.        :    6


 CURRENT VALUE OF MARQUARDT LAMBDA =    1.000E-08 ----->

 SINGULAR VALUES:-
   12720.18       4587.386       188.7891       16.91930    


 MATRIX OF EIGENVECTORS:-
 -0.4722065     -0.2317300     -0.8040666      0.2771266    
  0.8432074     -0.3998213     -0.3363712      0.1264859    
  0.2569100      0.8855015     -0.3792362      7.7872844E-02
  4.4252478E-03  4.8282549E-02  0.3106626      0.9492829    

 Number of singular values used in solution = 3


 ------------------------------------------------------------------------------
 OPTIMISATION ITERATION NO.        :    7


 CURRENT VALUE OF MARQUARDT LAMBDA =    1.000E-08 ----->

 SINGULAR VALUES:-
   12720.18       4587.386       188.7891       16.91930    


 MATRIX OF EIGENVECTORS:-
 -0.4722065     -0.2317300     -0.8040666      0.2771266    
  0.8432074     -0.3998213     -0.3363712      0.1264859    
  0.2569100      0.8855015     -0.3792362      7.7872844E-02
  4.4252478E-03  4.8282549E-02  0.3106626      0.9492829    

 Number of singular values used in solution = 3


 ------------------------------------------------------------------------------
 OPTIMISATION ITERATION NO.        :    8


 CURRENT VALUE OF MARQUARDT LAMBDA =    1.000E-08 ----->

 SINGULAR VALUES:-
   12720.18       4587.386       188.7891       16.91930    


 MATRIX OF EIGENVECTORS:-
 -0.4722065     -0.2317300     -0.8040666      0.2771266    
  0.8432074     -0.3998213     -0.3363712      0.1264859    
  0.2569100      0.8855015     -0.3792362      7.7872844E-02
  4.4252478E-03  4.8282549E-02  0.3106626      0.9492829    

 Number of singular values used in solution = 3


 ------------------------------------------------------------------------------
 OPTIMISATION ITERATION NO.        :    9


 CURRENT VALUE OF MARQUARDT LAMBDA =    1.000E-08 ----->

 SINGULAR VALUES:-
   12720.18       4587.386       188.7891       16.91930    


 MATRIX OF EIGENVECTORS:-
 -0.4722065     -0.2317300     -0.8040666      0.2771266    
  0.8432074     -0.3998213     -0.3363712      0.1264859    
  0.2569100      0.8855015     -0.3792362      7.7872844E-02
  4.4252478E-03  4.8282549E-02  0.3106626      0.9492829    

 Number of singular values used in solution = 3


 ------------------------------------------------------------------------------
 OPTIMISATION ITERATION NO.        :   10


 CURRENT VALUE OF MARQUARDT LAMBDA =    1.000E-08 ----->

 SINGULAR VALUES:-
   12720.18       4587.386       188.7891       16.91930    


 MATRIX OF EIGENVECTORS:-
 -0.4722065     -0.2317300     -0.8040666      0.2771266    
  0.8432074     -0.3998213     -0.3363712      0.1264859    
  0.2569100      0.8855015     -0.3792362      7.7872844E-02
  4.4252478E-03  4.8282549E-02  0.3106626      0.9492829    

 Number of singular values used in solution = 3


 ------------------------------------------------------------------------------
 OPTIMISATION ITERATION NO.        :   11


 CURRENT VALUE OF MARQUARDT LAMBDA =    1.000E-08 ----->

 SINGULAR VALUES:-
   12720.18       4587.386       188.7891       16.91930    


 MATRIX OF EIGENVECTORS:-
 -0.4722065     -0.2317300     -0.8040666      0.2771266    
  0.8432074     -0.3998213     -0.3363712      0.1264859    
  0.2569100      0.8855015     -0.3792362      7.7872844E-02
  4.4252478E-03  4.8282549E-02  0.3106626      0.9492829    

 Number of singular values used in solution = 3


 ------------------------------------------------------------------------------
 OPTIMISATION ITERATION NO.        :   12


 CURRENT VALUE OF MARQUARDT LAMBDA =    1.000E-08 ----->

 SINGULAR VALUES:-
   12720.18       4587.386       188.7891       16.91930    


 MATRIX OF EIGENVECTORS:-
 -0.4722065     -0.2317300     -0.8040666      0.2771266    
  0.8432074     -0.3998213     -0.3363712      0.1264859    
  0.2569100      0.8855015     -0.3792362      7.7872844E-02
  4.4252478E-03  4.8282549E-02  0.3106626      0.9492829    

 Number of singular values used in solution = 3
