 RECORD OF SVD CALCULATIONS: CASE eeek


 ------------------------------------------------------------------------------
 OPTIMISATION ITERATION NO.        :    1


 CURRENT VALUE OF MARQUARDT LAMBDA =    1.000E-08 ----->

 SINGULAR VALUES:-
   9315.998       3245.549       96.04187       19.41158    


 MATRIX OF EIGENVECTORS:-
 -0.4364651     -0.1974413     -0.7784008      0.4057184    
  0.8679361     -0.3491629     -0.3075232      0.1737863    
  0.2370141      0.9142989     -0.3131304      9.9152198E-02
  3.0790852E-03  5.6210934E-02  0.4488553      0.8918294    

 Number of singular values used in solution = 3


 ------------------------------------------------------------------------------
 OPTIMISATION ITERATION NO.        :    2


 CURRENT VALUE OF MARQUARDT LAMBDA =    1.000E-08 ----->

 SINGULAR VALUES:-
   14998.89       5632.291       256.0934       19.34928    


 MATRIX OF EIGENVECTORS:-
 -0.4744360     -0.2479407     -0.8076117      0.2473846    
  0.8381482     -0.4204022     -0.3292396      0.1112242    
  0.2690621      0.8715449     -0.4034499      7.2410685E-02
  4.8581896E-03  4.6871407E-02  0.2767540      0.9597847    

 Number of singular values used in solution = 3


 ------------------------------------------------------------------------------
 OPTIMISATION ITERATION NO.        :    3


 CURRENT VALUE OF MARQUARDT LAMBDA =    1.000E-08 ----->

 SINGULAR VALUES:-
   13980.21       5201.606       222.5066       19.12379    


 MATRIX OF EIGENVECTORS:-
 -0.4705485     -0.2379722     -0.8077114      0.2637340    
  0.8414219     -0.4108055     -0.3304402      0.1185636    
  0.2656519      0.8788044     -0.3893092      7.4634442E-02
  4.7265151E-03  4.8072533E-02  0.2947031      0.9543672    

 Number of singular values used in solution = 3


 ------------------------------------------------------------------------------
 OPTIMISATION ITERATION NO.        :    4


 CURRENT VALUE OF MARQUARDT LAMBDA =    1.000E-08 ----->

 SINGULAR VALUES:-
   13425.02       4973.160       205.1181       19.01677    


 MATRIX OF EIGENVECTORS:-
 -0.4685403     -0.2320287     -0.8072792      0.2737389    
  0.8430728     -0.4056098     -0.3310011      0.1230742    
  0.2639630      0.8827607     -0.3811605      7.5985288E-02
  4.6692787E-03  4.8754040E-02  0.3057045      0.9508659    

 Number of singular values used in solution = 3


 ------------------------------------------------------------------------------
 OPTIMISATION ITERATION NO.        :    5


 CURRENT VALUE OF MARQUARDT LAMBDA =    1.000E-08 ----->

 SINGULAR VALUES:-
   13461.50       4982.502       206.7639       19.09789    


 MATRIX OF EIGENVECTORS:-
 -0.4707868     -0.2327229     -0.8059678      0.2731589    
  0.8416098     -0.4076712     -0.3320671      0.1234042    
  0.2646321      0.8816187     -0.3832492      7.6408600E-02
  4.7544561E-03  4.8914370E-02  0.3053972      0.9509560    

 Number of singular values used in solution = 3


 ------------------------------------------------------------------------------
 OPTIMISATION ITERATION NO.        :    6


 CURRENT VALUE OF MARQUARDT LAMBDA =    1.000E-08 ----->

 SINGULAR VALUES:-
   13463.37       4983.489       206.8237       19.09874    


 MATRIX OF EIGENVECTORS:-
 -0.4707820     -0.2327213     -0.8059829      0.2731239    
  0.8416080     -0.4076832     -0.3320637      0.1233858    
  0.2646464      0.8816138     -0.3832536      7.6394472E-02
  4.7549438E-03  4.8911837E-02  0.3053554      0.9509696    

 Number of singular values used in solution = 3


 ------------------------------------------------------------------------------
 OPTIMISATION ITERATION NO.        :    7


 CURRENT VALUE OF MARQUARDT LAMBDA =    1.000E-08 ----->

 SINGULAR VALUES:-
   13463.87       4983.750       206.8396       19.09896    


 MATRIX OF EIGENVECTORS:-
 -0.4707807     -0.2327210     -0.8059869      0.2731147    
  0.8416075     -0.4076864     -0.3320628      0.1233810    
  0.2646501      0.8816124     -0.3832549      7.6390762E-02
  4.7550712E-03  4.8911165E-02  0.3053443      0.9509732    

 Number of singular values used in solution = 3


 ------------------------------------------------------------------------------
 OPTIMISATION ITERATION NO.        :    8


 CURRENT VALUE OF MARQUARDT LAMBDA =    1.000E-08 ----->

 SINGULAR VALUES:-
   13463.86       4983.745       206.8393       19.09895    


 MATRIX OF EIGENVECTORS:-
 -0.4707808     -0.2327210     -0.8059868      0.2731148    
  0.8416075     -0.4076863     -0.3320628      0.1233811    
  0.2646500      0.8816124     -0.3832549      7.6390837E-02
  4.7550683E-03  4.8911177E-02  0.3053444      0.9509731    

 Number of singular values used in solution = 3


 ------------------------------------------------------------------------------
 OPTIMISATION ITERATION NO.        :    9


 CURRENT VALUE OF MARQUARDT LAMBDA =    1.000E-08 ----->

 SINGULAR VALUES:-
   13463.86       4983.746       206.8393       19.09895    


 MATRIX OF EIGENVECTORS:-
 -0.4707808     -0.2327210     -0.8059868      0.2731148    
  0.8416075     -0.4076863     -0.3320628      0.1233810    
  0.2646500      0.8816124     -0.3832549      7.6390834E-02
  4.7550684E-03  4.8911176E-02  0.3053444      0.9509731    

 Number of singular values used in solution = 3


 ------------------------------------------------------------------------------
 OPTIMISATION ITERATION NO.        :   10


 CURRENT VALUE OF MARQUARDT LAMBDA =    1.000E-08 ----->

 SINGULAR VALUES:-
   13463.86       4983.746       206.8393       19.09895    


 MATRIX OF EIGENVECTORS:-
 -0.4707808     -0.2327210     -0.8059868      0.2731148    
  0.8416075     -0.4076863     -0.3320628      0.1233810    
  0.2646500      0.8816124     -0.3832549      7.6390834E-02
  4.7550684E-03  4.8911176E-02  0.3053444      0.9509731    

 Number of singular values used in solution = 3


 ------------------------------------------------------------------------------
 OPTIMISATION ITERATION NO.        :   11


 CURRENT VALUE OF MARQUARDT LAMBDA =    1.000E-08 ----->

 SINGULAR VALUES:-
   13463.86       4983.746       206.8393       19.09895    


 MATRIX OF EIGENVECTORS:-
 -0.4707808     -0.2327210     -0.8059868      0.2731148    
  0.8416075     -0.4076863     -0.3320628      0.1233810    
  0.2646500      0.8816124     -0.3832549      7.6390834E-02
  4.7550684E-03  4.8911176E-02  0.3053444      0.9509731    

 Number of singular values used in solution = 3


 ------------------------------------------------------------------------------
 OPTIMISATION ITERATION NO.        :   12


 CURRENT VALUE OF MARQUARDT LAMBDA =    1.000E-08 ----->

 SINGULAR VALUES:-
   13463.86       4983.746       206.8393       19.09895    


 MATRIX OF EIGENVECTORS:-
 -0.4707808     -0.2327210     -0.8059868      0.2731148    
  0.8416075     -0.4076863     -0.3320628      0.1233810    
  0.2646500      0.8816124     -0.3832549      7.6390834E-02
  4.7550684E-03  4.8911176E-02  0.3053444      0.9509731    

 Number of singular values used in solution = 3


 ------------------------------------------------------------------------------
 OPTIMISATION ITERATION NO.        :   13


 CURRENT VALUE OF MARQUARDT LAMBDA =    1.000E-08 ----->

 SINGULAR VALUES:-
   13463.86       4983.746       206.8393       19.09895    


 MATRIX OF EIGENVECTORS:-
 -0.4707808     -0.2327210     -0.8059868      0.2731148    
  0.8416075     -0.4076863     -0.3320628      0.1233810    
  0.2646500      0.8816124     -0.3832549      7.6390834E-02
  4.7550684E-03  4.8911176E-02  0.3053444      0.9509731    

 Number of singular values used in solution = 3
