 RECORD OF SVD CALCULATIONS: CASE eeek


 ------------------------------------------------------------------------------
 OPTIMISATION ITERATION NO.        :    1


 CURRENT VALUE OF MARQUARDT LAMBDA =    1.000E-08 ----->

 SINGULAR VALUES:-
  3.5489890E-02  5.8439422E-03  5.4751495E-04  9.4211849E-09


 MATRIX OF EIGENVECTORS:-
 -0.7697646     -0.2532337     -0.1912961      0.5538420    
  0.6252388     -0.4531826     -0.3095538      0.5548679    
  0.1203090      0.8225750      3.3212015E-02  0.5547910    
  4.5438561E-02 -0.2320962      0.9308486      0.2785454    

 Number of singular values used in solution = 3

 Param "q1" frozen: gradient and update vectors out of bounds


 CURRENT VALUE OF MARQUARDT LAMBDA =    1.000E-08 ----->

 SINGULAR VALUES:-
  1.5289690E-02  4.6811125E-03  4.8666695E-04


 MATRIX OF EIGENVECTORS:-
 -0.9944513      1.2215826E-02 -0.1044859    
 -3.6363514E-02 -0.9719257      0.2324608    
 -9.8712795E-02  0.2349705      0.9669771    

 Number of singular values used in solution = 3


 ------------------------------------------------------------------------------
 OPTIMISATION ITERATION NO.        :    2


 CURRENT VALUE OF MARQUARDT LAMBDA =    1.000E-08 ----->

 SINGULAR VALUES:-
  4.8837325E-02  1.7734757E-02  5.2161665E-04  9.9557310E-09


 MATRIX OF EIGENVECTORS:-
 -0.5134621     -0.1634961     -0.3893120      0.7470354    
  0.8492805     -0.2291767     -0.2612185      0.3974488    
  0.1167358      0.9589844     -9.8496637E-02  0.2387888    
  3.8106220E-02 -3.3105618E-02  0.8777810      0.4763953    

 Number of singular values used in solution = 3


 ------------------------------------------------------------------------------
 OPTIMISATION ITERATION NO.        :    3


 CURRENT VALUE OF MARQUARDT LAMBDA =    1.000E-08 ----->

 SINGULAR VALUES:-
  4.9742821E-02  1.5560931E-02  5.4888505E-04  2.2153221E-08


 MATRIX OF EIGENVECTORS:-
 -0.5575087     -0.1890492     -0.3725755      0.7173785    
  0.8204542     -0.2647181     -0.2794146      0.4227371    
  0.1204526      0.9442977     -0.1065277      0.2871322    
  3.9116985E-02 -4.9865885E-02  0.8785026      0.4735150    

 Number of singular values used in solution = 3


 ------------------------------------------------------------------------------
 OPTIMISATION ITERATION NO.        :    4


 CURRENT VALUE OF MARQUARDT LAMBDA =    1.000E-08 ----->

 SINGULAR VALUES:-
  4.9751317E-02  1.4851222E-02  5.7405326E-04  7.0653852E-09


 MATRIX OF EIGENVECTORS:-
 -0.5727154     -0.1991082     -0.3537783      0.7121754    
  0.8097914     -0.2778235     -0.2792500      0.4348234    
  0.1208320      0.9379194     -0.1020654      0.3086898    
  4.0428620E-02 -5.8967431E-02  0.8868162      0.4565582    

 Number of singular values used in solution = 3


 ------------------------------------------------------------------------------
 OPTIMISATION ITERATION NO.        :    5


 CURRENT VALUE OF MARQUARDT LAMBDA =    1.000E-08 ----->

 SINGULAR VALUES:-
  4.9372305E-02  1.4771121E-02  5.7782738E-04  7.0752066E-09


 MATRIX OF EIGENVECTORS:-
 -0.5725580     -0.1999061     -0.3479882      0.7149260    
  0.8098860     -0.2781057     -0.2762478      0.4363818    
  0.1207845      0.9375777     -9.8818759E-02  0.3107957    
  4.0904337E-02 -6.0355227E-02  0.8904079      0.4492859    

 Number of singular values used in solution = 3


 ------------------------------------------------------------------------------
 OPTIMISATION ITERATION NO.        :    6


 CURRENT VALUE OF MARQUARDT LAMBDA =    1.000E-08 ----->

 SINGULAR VALUES:-
  4.9352243E-02  1.4759589E-02  5.7826144E-04  7.0724519E-09


 MATRIX OF EIGENVECTORS:-
 -0.5725282     -0.2001373     -0.3475312      0.7151074    
  0.8099168     -0.2781398     -0.2760012      0.4364589    
  0.1207071      0.9375072     -9.8570227E-02  0.3111172    
  4.0939897E-02 -6.0526762E-02  0.8906904      0.4486994    

 Number of singular values used in solution = 3


 ------------------------------------------------------------------------------
 OPTIMISATION ITERATION NO.        :    7


 CURRENT VALUE OF MARQUARDT LAMBDA =    1.000E-08 ----->

 SINGULAR VALUES:-
  4.9345884E-02  1.4757980E-02  5.7833834E-04  7.0725020E-09


 MATRIX OF EIGENVECTORS:-
 -0.5725282     -0.2001566     -0.3474252      0.7151534    
  0.8099166     -0.2781478     -0.2759482      0.4364876    
  0.1207050      0.9374989     -9.8511599E-02  0.3111615    
  4.0948575E-02 -6.0554649E-02  0.8907546      0.4485673    

 Number of singular values used in solution = 3


 ------------------------------------------------------------------------------
 OPTIMISATION ITERATION NO.        :    8


 CURRENT VALUE OF MARQUARDT LAMBDA =    1.000E-08 ----->

 SINGULAR VALUES:-
  4.9345379E-02  1.4757751E-02  5.7834752E-04  7.0724606E-09


 MATRIX OF EIGENVECTORS:-
 -0.5725277     -0.2001609     -0.3474149      0.7151577    
  0.8099172     -0.2781485     -0.2759427      0.4364896    
  0.1207037      0.9374976     -9.8505909E-02  0.3111679    
  4.0949395E-02 -6.0558194E-02  0.8907610      0.4485540    

 Number of singular values used in solution = 3


 ------------------------------------------------------------------------------
 OPTIMISATION ITERATION NO.        :    9


 CURRENT VALUE OF MARQUARDT LAMBDA =    1.000E-08 ----->

 SINGULAR VALUES:-
  4.9345263E-02  1.4757718E-02  5.7834901E-04  7.0724603E-09


 MATRIX OF EIGENVECTORS:-
 -0.5725277     -0.2001613     -0.3474129      0.7151586    
  0.8099172     -0.2781487     -0.2759417      0.4364902    
  0.1207036      0.9374974     -9.8504804E-02  0.3111688    
  4.0949558E-02 -6.0558743E-02  0.8907622      0.4485515    

 Number of singular values used in solution = 3


 ------------------------------------------------------------------------------
 OPTIMISATION ITERATION NO.        :   10


 CURRENT VALUE OF MARQUARDT LAMBDA =    1.000E-08 ----->

 SINGULAR VALUES:-
  4.9345251E-02  1.4757714E-02  5.7834920E-04  7.0724596E-09


 MATRIX OF EIGENVECTORS:-
 -0.5725277     -0.2001614     -0.3474126      0.7151587    
  0.8099172     -0.2781487     -0.2759416      0.4364902    
  0.1207036      0.9374974     -9.8504681E-02  0.3111690    
  4.0949576E-02 -6.0558815E-02  0.8907623      0.4485513    

 Number of singular values used in solution = 3


 ------------------------------------------------------------------------------
 OPTIMISATION ITERATION NO.        :   11


 CURRENT VALUE OF MARQUARDT LAMBDA =    1.000E-08 ----->

 SINGULAR VALUES:-
  4.9345249E-02  1.4757713E-02  5.7834923E-04  7.0724596E-09


 MATRIX OF EIGENVECTORS:-
 -0.5725277     -0.2001614     -0.3474126      0.7151587    
  0.8099172     -0.2781487     -0.2759416      0.4364902    
  0.1207036      0.9374974     -9.8504660E-02  0.3111690    
  4.0949579E-02 -6.0558826E-02  0.8907624      0.4485512    

 Number of singular values used in solution = 3


 ------------------------------------------------------------------------------
 OPTIMISATION ITERATION NO.        :   12


 CURRENT VALUE OF MARQUARDT LAMBDA =    1.000E-08 ----->

 SINGULAR VALUES:-
  4.9345249E-02  1.4757713E-02  5.7834924E-04  7.0724596E-09


 MATRIX OF EIGENVECTORS:-
 -0.5725277     -0.2001614     -0.3474126      0.7151587    
  0.8099172     -0.2781487     -0.2759415      0.4364902    
  0.1207036      0.9374974     -9.8504657E-02  0.3111690    
  4.0949579E-02 -6.0558828E-02  0.8907624      0.4485512    

 Number of singular values used in solution = 3


 ------------------------------------------------------------------------------
 OPTIMISATION ITERATION NO.        :   13


 CURRENT VALUE OF MARQUARDT LAMBDA =    1.000E-08 ----->

 SINGULAR VALUES:-
  4.9345249E-02  1.4757713E-02  5.7834924E-04  7.0724596E-09


 MATRIX OF EIGENVECTORS:-
 -0.5725277     -0.2001614     -0.3474126      0.7151587    
  0.8099172     -0.2781487     -0.2759415      0.4364902    
  0.1207036      0.9374974     -9.8504657E-02  0.3111690    
  4.0949579E-02 -6.0558828E-02  0.8907624      0.4485512    

 Number of singular values used in solution = 3


 ------------------------------------------------------------------------------
 OPTIMISATION ITERATION NO.        :   14


 CURRENT VALUE OF MARQUARDT LAMBDA =    1.000E-08 ----->

 SINGULAR VALUES:-
  4.9345249E-02  1.4757713E-02  5.7834924E-04  7.0724596E-09


 MATRIX OF EIGENVECTORS:-
 -0.5725277     -0.2001614     -0.3474126      0.7151587    
  0.8099172     -0.2781487     -0.2759415      0.4364902    
  0.1207036      0.9374974     -9.8504657E-02  0.3111690    
  4.0949579E-02 -6.0558828E-02  0.8907624      0.4485512    

 Number of singular values used in solution = 3
