 RECORD OF SVD CALCULATIONS: CASE eeek


 ------------------------------------------------------------------------------
 OPTIMISATION ITERATION NO.        :    1


 CURRENT VALUE OF MARQUARDT LAMBDA =    1.000E-08 ----->

 SINGULAR VALUES:-
   27.32745       6.252342       1.409994    


 MATRIX OF EIGENVECTORS:-
 -0.9212664     -0.2241288      0.3178593    
  0.3660124     -0.7760176      0.5136455    
  0.1315416      0.5895447      0.7969528    

 Number of singular values used in solution = 3


 ------------------------------------------------------------------------------
 OPTIMISATION ITERATION NO.        :    2


 CURRENT VALUE OF MARQUARDT LAMBDA =    1.000E-08 ----->

 SINGULAR VALUES:-
   27.74072       6.307277       1.420906    


 MATRIX OF EIGENVECTORS:-
 -0.9221773     -0.2233702      0.3157449    
  0.3637446     -0.7783396      0.5117395    
  0.1314494      0.5867650      0.7990168    

 Number of singular values used in solution = 3


 ------------------------------------------------------------------------------
 OPTIMISATION ITERATION NO.        :    3


 CURRENT VALUE OF MARQUARDT LAMBDA =    1.000E-08 ----->

 SINGULAR VALUES:-
   1516070.       588315.6       46901.24    


 MATRIX OF EIGENVECTORS:-
 -3.9777788E-02  0.8911465     -0.4519686    
 -0.5932243     -0.3850449     -0.7069833    
 -0.8040539      0.2399965      0.5439660    

 Number of singular values used in solution = 3

 Param "q9" frozen: gradient and update vectors out of bounds


 CURRENT VALUE OF MARQUARDT LAMBDA =    1.000E-08 ----->

 SINGULAR VALUES:-
   1072564.       434529.3    


 MATRIX OF EIGENVECTORS:-
  0.2645574      0.9643699    
  0.9643699     -0.2645574    

 Number of singular values used in solution = 2

 Param "r" frozen: gradient and update vectors out of bounds


 CURRENT VALUE OF MARQUARDT LAMBDA =    1.000E-08 ----->

 SINGULAR VALUES:-
   479185.8    


 MATRIX OF EIGENVECTORS:-
   1.000000    

 Number of singular values used in solution = 1


 ------------------------------------------------------------------------------
 OPTIMISATION ITERATION NO.        :    4


 CURRENT VALUE OF MARQUARDT LAMBDA =    1.000E-08 ----->

 SINGULAR VALUES:-
   634148.9       264088.8       29739.54    


 MATRIX OF EIGENVECTORS:-
 -0.2987364     -0.7851855     -0.5424392    
  0.7595499      0.1485062     -0.6332692    
  0.5777894     -0.6011902      0.5520233    

 Number of singular values used in solution = 3

 Param "q9" frozen: gradient and update vectors out of bounds

 Param "r" frozen: gradient and update vectors out of bounds


 CURRENT VALUE OF MARQUARDT LAMBDA =    1.000E-08 ----->

 SINGULAR VALUES:-
   228159.2    


 MATRIX OF EIGENVECTORS:-
   1.000000    

 Number of singular values used in solution = 1


 ------------------------------------------------------------------------------
 OPTIMISATION ITERATION NO.        :    5


 CURRENT VALUE OF MARQUARDT LAMBDA =    1.000E-08 ----->

 SINGULAR VALUES:-
   161122.0       23544.60       9241.658    


 MATRIX OF EIGENVECTORS:-
 -0.4267971     -0.4839796     -0.7639424    
  0.8614728      3.9437523E-02 -0.5062699    
  0.2751523     -0.8741901      0.4001035    

 Number of singular values used in solution = 3


 ------------------------------------------------------------------------------
 OPTIMISATION ITERATION NO.        :    6


 CURRENT VALUE OF MARQUARDT LAMBDA =    1.000E-08 ----->

 SINGULAR VALUES:-
   52732.57       4717.673       4077.989    


 MATRIX OF EIGENVECTORS:-
 -0.5000685      0.3779693      0.7791474    
  0.8478720      3.0636077E-02  0.5293152    
  0.1761948      0.9253111     -0.3357897    

 Number of singular values used in solution = 3


 ------------------------------------------------------------------------------
 OPTIMISATION ITERATION NO.        :    7


 CURRENT VALUE OF MARQUARDT LAMBDA =    1.000E-08 ----->

 SINGULAR VALUES:-
   24807.02       2548.064       1152.199    


 MATRIX OF EIGENVECTORS:-
 -0.5603103     -0.8230581      9.2886040E-02
  0.8197374     -0.5670989     -8.0184238E-02
  0.1186719      3.1214105E-02  0.9924428    

 Number of singular values used in solution = 3


 ------------------------------------------------------------------------------
 OPTIMISATION ITERATION NO.        :    8


 CURRENT VALUE OF MARQUARDT LAMBDA =    1.000E-08 ----->

 SINGULAR VALUES:-
   7199.133       1203.027       148.0221    


 MATRIX OF EIGENVECTORS:-
 -0.6266217     -0.7793214     -1.8263018E-03
  0.7768524     -0.6244466     -8.1036124E-02
  6.2012760E-02 -5.2197763E-02  0.9967095    

 Number of singular values used in solution = 3


 ------------------------------------------------------------------------------
 OPTIMISATION ITERATION NO.        :    9


 CURRENT VALUE OF MARQUARDT LAMBDA =    1.000E-08 ----->

 SINGULAR VALUES:-
   5885.553       1204.713       46.91997    


 MATRIX OF EIGENVECTORS:-
 -0.6114534     -0.7912759      2.6951278E-03
  0.7902353     -0.6108172     -4.9301551E-02
  4.0657359E-02 -2.8015815E-02  0.9987803    

 Number of singular values used in solution = 3


 ------------------------------------------------------------------------------
 OPTIMISATION ITERATION NO.        :   10


 CURRENT VALUE OF MARQUARDT LAMBDA =    1.000E-08 ----->

 SINGULAR VALUES:-
   5876.742       1271.171       33.81091    


 MATRIX OF EIGENVECTORS:-
 -0.6159682     -0.7877281      8.2183737E-03
  0.7869835     -0.6157854     -3.8279847E-02
  3.5214866E-02 -1.7111445E-02  0.9992333    

 Number of singular values used in solution = 3


 ------------------------------------------------------------------------------
 OPTIMISATION ITERATION NO.        :   11


 CURRENT VALUE OF MARQUARDT LAMBDA =    1.000E-08 ----->

 SINGULAR VALUES:-
   5839.878       1268.692       32.87584    


 MATRIX OF EIGENVECTORS:-
 -0.6184771     -0.7857552      8.6527206E-03
  0.7850340     -0.6183215     -3.7418333E-02
  3.4751813E-02 -1.6349701E-02  0.9992622    

 Number of singular values used in solution = 3


 ------------------------------------------------------------------------------
 OPTIMISATION ITERATION NO.        :   12


 CURRENT VALUE OF MARQUARDT LAMBDA =    1.000E-08 ----->

 SINGULAR VALUES:-
   5839.585       1268.664       32.86919    


 MATRIX OF EIGENVECTORS:-
 -0.6185019     -0.7857356      8.6558982E-03
  0.7850146     -0.6183465     -3.7412024E-02
  3.4748305E-02 -1.6344400E-02  0.9992624    

 Number of singular values used in solution = 3
