 RECORD OF SVD CALCULATIONS: CASE eeek


 ------------------------------------------------------------------------------
 OPTIMISATION ITERATION NO.        :    1


 CURRENT VALUE OF MARQUARDT LAMBDA =    1.000E-08 ----->

 SINGULAR VALUES:-
   18109.61       8986.346       402.9550       122.5384    


 MATRIX OF EIGENVECTORS:-
 -0.5175858     -0.1230612     -0.7832473      0.3216903    
  0.7650102     -0.5097884     -0.3634530      0.1509205    
  0.3830940      0.8510573     -0.3422620      0.1086149    
  1.0164571E-02  2.5945071E-02  0.3705163      0.9284079    

 Number of singular values used in solution = 3


 ------------------------------------------------------------------------------
 OPTIMISATION ITERATION NO.        :    2


 CURRENT VALUE OF MARQUARDT LAMBDA =    1.000E-08 ----->

 SINGULAR VALUES:-
   21132.55       10755.03       536.2412       128.7252    


 MATRIX OF EIGENVECTORS:-
 -0.5015301     -0.1354429     -0.8107217      0.2699133    
  0.7730136     -0.5136501     -0.3524070      0.1200953    
  0.3883563      0.8468037     -0.3532833      8.5403386E-02
  9.8444699E-03  2.7245154E-02  0.3061545      0.9515410    

 Number of singular values used in solution = 3


 ------------------------------------------------------------------------------
 OPTIMISATION ITERATION NO.        :    3


 CURRENT VALUE OF MARQUARDT LAMBDA =    1.000E-08 ----->

 SINGULAR VALUES:-
   20822.70       10535.40       522.9943       128.7547    


 MATRIX OF EIGENVECTORS:-
 -0.5052745     -0.1350959     -0.8065550      0.2755283    
  0.7710835     -0.5141303     -0.3546438      0.1238067    
  0.3873365      0.8465690     -0.3541629      8.8656553E-02
  9.9164073E-03  2.7204833E-02  0.3134732      0.9491555    

 Number of singular values used in solution = 3


 ------------------------------------------------------------------------------
 OPTIMISATION ITERATION NO.        :    4


 CURRENT VALUE OF MARQUARDT LAMBDA =    1.000E-08 ----->

 SINGULAR VALUES:-
   20784.57       10513.11       521.1948       128.6651    


 MATRIX OF EIGENVECTORS:-
 -0.5055190     -0.1348751     -0.8062522      0.2760737    
  0.7709258     -0.5141422     -0.3548497      0.1241490    
  0.3873313      0.8465974     -0.3540391      8.8901714E-02
  9.9231856E-03  2.7190353E-02  0.3141582      0.9489293    

 Number of singular values used in solution = 3


 ------------------------------------------------------------------------------
 OPTIMISATION ITERATION NO.        :    5


 CURRENT VALUE OF MARQUARDT LAMBDA =    1.000E-08 ----->

 SINGULAR VALUES:-
   20786.57       10514.45       521.2876       128.6692    


 MATRIX OF EIGENVECTORS:-
 -0.5055154     -0.1348644     -0.8062665      0.2760435    
  0.7709178     -0.5141583     -0.3548491      0.1241335    
  0.3873518      0.8465893     -0.3540400      8.8886151E-02
  9.9239682E-03  2.7190999E-02  0.3141211      0.9489416    

 Number of singular values used in solution = 3


 ------------------------------------------------------------------------------
 OPTIMISATION ITERATION NO.        :    6


 CURRENT VALUE OF MARQUARDT LAMBDA =    1.000E-08 ----->

 SINGULAR VALUES:-
   20786.49       10514.40       521.2839       128.6690    


 MATRIX OF EIGENVECTORS:-
 -0.5055156     -0.1348648     -0.8062660      0.2760447    
  0.7709181     -0.5141577     -0.3548491      0.1241342    
  0.3873510      0.8465896     -0.3540400      8.8886775E-02
  9.9239389E-03  2.7190972E-02  0.3141226      0.9489411    

 Number of singular values used in solution = 3


 ------------------------------------------------------------------------------
 OPTIMISATION ITERATION NO.        :    7


 CURRENT VALUE OF MARQUARDT LAMBDA =    1.000E-08 ----->

 SINGULAR VALUES:-
   20786.50       10514.40       521.2840       128.6690    


 MATRIX OF EIGENVECTORS:-
 -0.5055156     -0.1348648     -0.8062660      0.2760446    
  0.7709181     -0.5141577     -0.3548491      0.1241342    
  0.3873511      0.8465896     -0.3540400      8.8886753E-02
  9.9239399E-03  2.7190973E-02  0.3141225      0.9489411    

 Number of singular values used in solution = 3


 ------------------------------------------------------------------------------
 OPTIMISATION ITERATION NO.        :    8


 CURRENT VALUE OF MARQUARDT LAMBDA =    1.000E-08 ----->

 SINGULAR VALUES:-
   20786.50       10514.40       521.2840       128.6690    


 MATRIX OF EIGENVECTORS:-
 -0.5055156     -0.1348648     -0.8062660      0.2760446    
  0.7709181     -0.5141577     -0.3548491      0.1241342    
  0.3873511      0.8465896     -0.3540400      8.8886754E-02
  9.9239399E-03  2.7190973E-02  0.3141225      0.9489411    

 Number of singular values used in solution = 3


 ------------------------------------------------------------------------------
 OPTIMISATION ITERATION NO.        :    9


 CURRENT VALUE OF MARQUARDT LAMBDA =    1.000E-08 ----->

 SINGULAR VALUES:-
   20786.50       10514.40       521.2840       128.6690    


 MATRIX OF EIGENVECTORS:-
 -0.5055156     -0.1348648     -0.8062660      0.2760446    
  0.7709181     -0.5141577     -0.3548491      0.1241342    
  0.3873511      0.8465896     -0.3540400      8.8886754E-02
  9.9239399E-03  2.7190973E-02  0.3141225      0.9489411    

 Number of singular values used in solution = 3


 ------------------------------------------------------------------------------
 OPTIMISATION ITERATION NO.        :   10


 CURRENT VALUE OF MARQUARDT LAMBDA =    1.000E-08 ----->

 SINGULAR VALUES:-
   20786.50       10514.40       521.2840       128.6690    


 MATRIX OF EIGENVECTORS:-
 -0.5055156     -0.1348648     -0.8062660      0.2760446    
  0.7709181     -0.5141577     -0.3548491      0.1241342    
  0.3873511      0.8465896     -0.3540400      8.8886754E-02
  9.9239399E-03  2.7190973E-02  0.3141225      0.9489411    

 Number of singular values used in solution = 3


 ------------------------------------------------------------------------------
 OPTIMISATION ITERATION NO.        :   11


 CURRENT VALUE OF MARQUARDT LAMBDA =    1.000E-08 ----->

 SINGULAR VALUES:-
   20786.50       10514.40       521.2840       128.6690    


 MATRIX OF EIGENVECTORS:-
 -0.5055156     -0.1348648     -0.8062660      0.2760446    
  0.7709181     -0.5141577     -0.3548491      0.1241342    
  0.3873511      0.8465896     -0.3540400      8.8886754E-02
  9.9239399E-03  2.7190973E-02  0.3141225      0.9489411    

 Number of singular values used in solution = 3


 ------------------------------------------------------------------------------
 OPTIMISATION ITERATION NO.        :   12


 CURRENT VALUE OF MARQUARDT LAMBDA =    1.000E-08 ----->

 SINGULAR VALUES:-
   20786.50       10514.40       521.2840       128.6690    


 MATRIX OF EIGENVECTORS:-
 -0.5055156     -0.1348648     -0.8062660      0.2760446    
  0.7709181     -0.5141577     -0.3548491      0.1241342    
  0.3873511      0.8465896     -0.3540400      8.8886754E-02
  9.9239399E-03  2.7190973E-02  0.3141225      0.9489411    

 Number of singular values used in solution = 3


 ------------------------------------------------------------------------------
 OPTIMISATION ITERATION NO.        :   13


 CURRENT VALUE OF MARQUARDT LAMBDA =    1.000E-08 ----->

 SINGULAR VALUES:-
   20786.50       10514.40       521.2840       128.6690    


 MATRIX OF EIGENVECTORS:-
 -0.5055156     -0.1348648     -0.8062660      0.2760446    
  0.7709181     -0.5141577     -0.3548491      0.1241342    
  0.3873511      0.8465896     -0.3540400      8.8886754E-02
  9.9239399E-03  2.7190973E-02  0.3141225      0.9489411    

 Number of singular values used in solution = 3
