 RECORD OF SVD CALCULATIONS: CASE eeek


 ------------------------------------------------------------------------------
 OPTIMISATION ITERATION NO.        :    1


 CURRENT VALUE OF MARQUARDT LAMBDA =    1.000E-08 ----->

 SINGULAR VALUES:-
   9938.440       1250.680       156.7164       15.62254    


 MATRIX OF EIGENVECTORS:-
 -0.4449101     -0.6831659     -0.4307780      0.3870009    
  0.8935098     -0.3824897     -0.1743122      0.1579784    
  6.0783331E-02  0.6218214     -0.5993683      0.5004011    
  8.0357892E-04  1.8004210E-02  0.6517694      0.7582031    

 Number of singular values used in solution = 3


 ------------------------------------------------------------------------------
 OPTIMISATION ITERATION NO.        :    2


 CURRENT VALUE OF MARQUARDT LAMBDA =    1.000E-08 ----->

 SINGULAR VALUES:-
   5261.746       2257.449       61.04925       18.04017    


 MATRIX OF EIGENVECTORS:-
 -0.4928447     -0.1192606     -0.6690440      0.5433794    
  0.8356934     -0.3407310     -0.3361067      0.2693534    
  0.2422293      0.9324286     -0.2191332      0.1545397    
  6.7579012E-03  1.6005813E-02  0.6256142      0.7799391    

 Number of singular values used in solution = 3


 ------------------------------------------------------------------------------
 OPTIMISATION ITERATION NO.        :    3


 CURRENT VALUE OF MARQUARDT LAMBDA =    1.000E-08 ----->

 SINGULAR VALUES:-
   7009.928       2537.201       97.89574       16.33012    


 MATRIX OF EIGENVECTORS:-
 -0.5275813     -0.1871249     -0.7198212      0.4104871    
  0.8204026     -0.3653544     -0.3829591      0.2163285    
  0.2203773      0.9117181     -0.3100243      0.1552059    
  5.6012092E-03  1.6448116E-02  0.4889628      0.8721315    

 Number of singular values used in solution = 3


 ------------------------------------------------------------------------------
 OPTIMISATION ITERATION NO.        :    4


 CURRENT VALUE OF MARQUARDT LAMBDA =    1.000E-08 ----->

 SINGULAR VALUES:-
   7106.864       2611.862       100.1329       16.66757    


 MATRIX OF EIGENVECTORS:-
 -0.5247564     -0.1821495     -0.7253464      0.4066017    
  0.8215133     -0.3643035     -0.3834070      0.2130680    
  0.2229692      0.9131367     -0.3065889      0.1498978    
  5.6026179E-03  1.6908648E-02  0.4825712      0.8756756    

 Number of singular values used in solution = 3


 ------------------------------------------------------------------------------
 OPTIMISATION ITERATION NO.        :    5


 CURRENT VALUE OF MARQUARDT LAMBDA =    1.000E-08 ----->

 SINGULAR VALUES:-
   7161.900       2646.348       101.3971       16.77076    


 MATRIX OF EIGENVECTORS:-
 -0.5233972     -0.1806840     -0.7282871      0.4037407    
  0.8221468     -0.3638685     -0.3836430      0.2109322    
  0.2238276      0.9135976     -0.3057872      0.1474271    
  5.5827810E-03  1.7099286E-02  0.4784456      0.8779330    

 Number of singular values used in solution = 3


 ------------------------------------------------------------------------------
 OPTIMISATION ITERATION NO.        :    6


 CURRENT VALUE OF MARQUARDT LAMBDA =    1.000E-08 ----->

 SINGULAR VALUES:-
   7186.466       2656.907       101.9781       16.78986    


 MATRIX OF EIGENVECTORS:-
 -0.5233029     -0.1806525     -0.7290486      0.4025008    
  0.8221643     -0.3639831     -0.3838858      0.2102232    
  0.2239842      0.9135572     -0.3060690      0.1468538    
  5.5747063E-03  1.7150328E-02  0.4769083      0.8787680    

 Number of singular values used in solution = 3


 ------------------------------------------------------------------------------
 OPTIMISATION ITERATION NO.        :    7


 CURRENT VALUE OF MARQUARDT LAMBDA =    1.000E-08 ----->

 SINGULAR VALUES:-
   7193.049       2659.783       102.1341       16.79520    


 MATRIX OF EIGENVECTORS:-
 -0.5232738     -0.1806383     -0.7292557      0.4021698    
  0.8221707     -0.3640117     -0.3839494      0.2100324    
  0.2240285      0.9135484     -0.3061384      0.1466965    
  5.5725769E-03  1.7164201E-02  0.4764959      0.8789915    

 Number of singular values used in solution = 3


 ------------------------------------------------------------------------------
 OPTIMISATION ITERATION NO.        :    8


 CURRENT VALUE OF MARQUARDT LAMBDA =    1.000E-08 ----->

 SINGULAR VALUES:-
   7194.847       2660.568       102.1767       16.79666    


 MATRIX OF EIGENVECTORS:-
 -0.5232659     -0.1806344     -0.7293121      0.4020795    
  0.8221725     -0.3640196     -0.3839667      0.2099803    
  0.2240406      0.9135460     -0.3061573      0.1466536    
  5.5719961E-03  1.7167981E-02  0.4763834      0.8790524    

 Number of singular values used in solution = 3


 ------------------------------------------------------------------------------
 OPTIMISATION ITERATION NO.        :    9


 CURRENT VALUE OF MARQUARDT LAMBDA =    1.000E-08 ----->

 SINGULAR VALUES:-
   7195.338       2660.783       102.1884       16.79706    


 MATRIX OF EIGENVECTORS:-
 -0.5232637     -0.1806334     -0.7293275      0.4020549    
  0.8221730     -0.3640217     -0.3839714      0.2099661    
  0.2240439      0.9135453     -0.3061625      0.1466419    
  5.5718379E-03  1.7169013E-02  0.4763527      0.8790690    

 Number of singular values used in solution = 3


 ------------------------------------------------------------------------------
 OPTIMISATION ITERATION NO.        :   10


 CURRENT VALUE OF MARQUARDT LAMBDA =    1.000E-08 ----->

 SINGULAR VALUES:-
   7195.471       2660.841       102.1915       16.79717    


 MATRIX OF EIGENVECTORS:-
 -0.5232631     -0.1806331     -0.7293317      0.4020482    
  0.8221731     -0.3640223     -0.3839727      0.2099623    
  0.2240448      0.9135451     -0.3061639      0.1466387    
  5.5717946E-03  1.7169294E-02  0.4763444      0.8790735    

 Number of singular values used in solution = 3


 ------------------------------------------------------------------------------
 OPTIMISATION ITERATION NO.        :   11


 CURRENT VALUE OF MARQUARDT LAMBDA =    1.000E-08 ----->

 SINGULAR VALUES:-
   7195.508       2660.857       102.1924       16.79720    


 MATRIX OF EIGENVECTORS:-
 -0.5232630     -0.1806330     -0.7293328      0.4020463    
  0.8221731     -0.3640224     -0.3839731      0.2099612    
  0.2240450      0.9135451     -0.3061643      0.1466378    
  5.5717829E-03  1.7169371E-02  0.4763421      0.8790747    

 Number of singular values used in solution = 3


 ------------------------------------------------------------------------------
 OPTIMISATION ITERATION NO.        :   12


 CURRENT VALUE OF MARQUARDT LAMBDA =    1.000E-08 ----->

 SINGULAR VALUES:-
   7195.518       2660.861       102.1926       16.79720    


 MATRIX OF EIGENVECTORS:-
 -0.5232629     -0.1806330     -0.7293331      0.4020458    
  0.8221731     -0.3640225     -0.3839731      0.2099609    
  0.2240451      0.9135451     -0.3061644      0.1466376    
  5.5717796E-03  1.7169392E-02  0.4763415      0.8790751    

 Number of singular values used in solution = 3


 ------------------------------------------------------------------------------
 OPTIMISATION ITERATION NO.        :   13


 CURRENT VALUE OF MARQUARDT LAMBDA =    1.000E-08 ----->

 SINGULAR VALUES:-
   7195.521       2660.863       102.1927       16.79721    


 MATRIX OF EIGENVECTORS:-
 -0.5232629     -0.1806330     -0.7293332      0.4020457    
  0.8221731     -0.3640225     -0.3839732      0.2099608    
  0.2240451      0.9135451     -0.3061644      0.1466375    
  5.5717787E-03  1.7169397E-02  0.4763413      0.8790752    

 Number of singular values used in solution = 3


 ------------------------------------------------------------------------------
 OPTIMISATION ITERATION NO.        :   14


 CURRENT VALUE OF MARQUARDT LAMBDA =    1.000E-08 ----->

 SINGULAR VALUES:-
   7195.521       2660.863       102.1927       16.79721    


 MATRIX OF EIGENVECTORS:-
 -0.5232629     -0.1806330     -0.7293332      0.4020457    
  0.8221731     -0.3640225     -0.3839732      0.2099608    
  0.2240451      0.9135451     -0.3061644      0.1466375    
  5.5717785E-03  1.7169399E-02  0.4763413      0.8790752    

 Number of singular values used in solution = 3
