 RECORD OF SVD CALCULATIONS: CASE eeek


 ------------------------------------------------------------------------------
 OPTIMISATION ITERATION NO.        :    1


 CURRENT VALUE OF MARQUARDT LAMBDA =    1.000E-08 ----->

 SINGULAR VALUES:-
   1.642148      0.7846346      0.2774414      2.6377523E-10


 MATRIX OF EIGENVECTORS:-
 -0.8346983     -0.4060624     -0.3718763      1.0004215E-02
  0.5332497     -0.7646902     -0.3616529      1.0046599E-02
  0.1375535      0.5003169     -0.8547873      1.0034385E-02
  1.6131342E-03  6.7255136E-03  1.5933380E-02  0.9998491    

 Number of singular values used in solution = 3


 ------------------------------------------------------------------------------
 OPTIMISATION ITERATION NO.        :    2


 CURRENT VALUE OF MARQUARDT LAMBDA =    1.000E-08 ----->

 SINGULAR VALUES:-
  0.3607620      0.1140974      3.1323123E-02  9.5048328E-10


 MATRIX OF EIGENVECTORS:-
 -0.6281379     -0.4214539     -0.6528284      4.0428575E-02
  0.7691753     -0.4632893     -0.4393344      2.6791589E-02
  0.1174928      0.7794122     -0.6151533      1.7274531E-02
  2.7613235E-03  1.6008285E-02  4.8854664E-02  0.9986738    

 Number of singular values used in solution = 3


 ------------------------------------------------------------------------------
 OPTIMISATION ITERATION NO.        :    3


 CURRENT VALUE OF MARQUARDT LAMBDA =    1.000E-08 ----->

 SINGULAR VALUES:-
  9.0920425E-02  1.9068713E-02  3.3906815E-03  5.2939693E-10


 MATRIX OF EIGENVECTORS:-
 -0.5561374     -0.3095011     -0.7644642      0.1025411    
  0.8244515     -0.3224959     -0.4612863      5.9085047E-02
  0.1047214      0.8942783     -0.4338558      3.2693676E-02
  4.9277641E-03  2.1718360E-02  0.1207420      0.9924341    

 Number of singular values used in solution = 3


 ------------------------------------------------------------------------------
 OPTIMISATION ITERATION NO.        :    4


 CURRENT VALUE OF MARQUARDT LAMBDA =    1.000E-08 ----->

 SINGULAR VALUES:-
  2.9445659E-02  5.0851909E-03  4.4827385E-04  2.2896038E-10


 MATRIX OF EIGENVECTORS:-
 -0.5330151     -0.2236852     -0.7922102      0.1956087    
  0.8403117     -0.2524151     -0.4674044      0.1081482    
  9.8502505E-02  0.9411828     -0.3186554      5.4138195E-02
  8.2732026E-03  2.0652657E-02  0.2288991      0.9731959    

 Number of singular values used in solution = 3


 ------------------------------------------------------------------------------
 OPTIMISATION ITERATION NO.        :    5


 CURRENT VALUE OF MARQUARDT LAMBDA =    1.000E-08 ----->

 SINGULAR VALUES:-
  2.9454213E-02  5.0971489E-03  4.4551232E-04  6.2278838E-11


 MATRIX OF EIGENVECTORS:-
 -0.5291596     -0.2227893     -0.7946799      0.1970760    
  0.8427860     -0.2498007     -0.4643974      0.1079182    
  9.8150629E-02  0.9420930     -0.3161003      5.3923681E-02
  8.2636801E-03  2.0621428E-02  0.2299990      0.9729373    

 Number of singular values used in solution = 3


 ------------------------------------------------------------------------------
 OPTIMISATION ITERATION NO.        :    6


 CURRENT VALUE OF MARQUARDT LAMBDA =    1.000E-08 ----->

 SINGULAR VALUES:-
  2.1802692E-02  3.6653958E-03  2.2986431E-04  4.4046809E-11


 MATRIX OF EIGENVECTORS:-
 -0.7026653     -0.1934030     -0.6541034      0.2024981    
  0.7015816     -0.3485028     -0.5955765      0.1778136    
  0.1182858      0.9169140     -0.3705855      8.9126628E-02
  7.2952744E-03  2.0243433E-02  0.2830260      0.9588708    

 Number of singular values used in solution = 3

 Param "q1" frozen: gradient and update vectors out of bounds


 CURRENT VALUE OF MARQUARDT LAMBDA =    1.000E-08 ----->

 SINGULAR VALUES:-
  1.1318661E-02  3.3591998E-03  1.9811375E-05


 MATRIX OF EIGENVECTORS:-
 -0.9962070      8.6960780E-02 -3.0870858E-03
 -8.6892523E-02 -0.9960581     -1.7832759E-02
 -4.6256674E-03 -1.7496874E-02  0.9998362    

 Number of singular values used in solution = 3


 ------------------------------------------------------------------------------
 OPTIMISATION ITERATION NO.        :    7


 CURRENT VALUE OF MARQUARDT LAMBDA =    1.000E-08 ----->

 SINGULAR VALUES:-
  3.4865821E-02  5.5171566E-03  1.1564709E-04  3.2519850E-09


 MATRIX OF EIGENVECTORS:-
 -0.4602184     -0.1823286     -0.4193338      0.7609957    
  0.8835385     -0.1834928     -0.2381079      0.3591583    
  8.0863979E-02  0.9659590     -0.1272108      0.2102419    
  3.1933899E-02  3.1529074E-03  0.8667648      0.4976838    

 Number of singular values used in solution = 3

 Param "q1" frozen: - update vector out of bounds


 CURRENT VALUE OF MARQUARDT LAMBDA =    1.000E-08 ----->

 SINGULAR VALUES:-
  2.7547560E-02  5.2740330E-03  8.8673143E-05


 MATRIX OF EIGENVECTORS:-
 -0.9970463      6.8589602E-02 -3.4556903E-02
 -6.8357041E-02 -0.9976299     -7.8682756E-03
 -3.5014681E-02 -5.4828273E-03  0.9993718    

 Number of singular values used in solution = 3


 ------------------------------------------------------------------------------
 OPTIMISATION ITERATION NO.        :    8


 CURRENT VALUE OF MARQUARDT LAMBDA =    1.000E-08 ----->

 SINGULAR VALUES:-
  3.0119450E-02  4.6947859E-03  1.4025652E-04  2.6568491E-09


 MATRIX OF EIGENVECTORS:-
 -0.5428101     -0.1985575     -0.2936573      0.7613787    
  0.8326909     -0.2438432     -0.2254148      0.4431191    
  0.1008493      0.9492095     -0.1088296      0.2774652    
  4.2573157E-02 -1.0808742E-02  0.9225561      0.3833549    

 Number of singular values used in solution = 3

 Param "q1" frozen: - update vector out of bounds


 CURRENT VALUE OF MARQUARDT LAMBDA =    1.000E-08 ----->

 SINGULAR VALUES:-
  2.1347474E-02  4.4133207E-03  1.2203281E-04


 MATRIX OF EIGENVECTORS:-
 -0.9950735      8.5637825E-02 -4.9949705E-02
 -8.5804021E-02 -0.9963113      1.1885807E-03
 -4.9663669E-02  5.4686106E-03  0.9987510    

 Number of singular values used in solution = 3


 ------------------------------------------------------------------------------
 OPTIMISATION ITERATION NO.        :    9


 CURRENT VALUE OF MARQUARDT LAMBDA =    1.000E-08 ----->

 SINGULAR VALUES:-
  2.9551838E-02  4.7926305E-03  1.6115967E-04  3.1170701E-09


 MATRIX OF EIGENVECTORS:-
 -0.5498660     -0.1940909     -0.2287467      0.7795197    
  0.8271121     -0.2488520     -0.1983124      0.4632822    
  0.1053475      0.9487410     -8.1712981E-02  0.2865578    
  4.9343524E-02 -1.7085360E-02  0.9495631      0.3091976    

 Number of singular values used in solution = 3

 Param "q1" frozen: - update vector out of bounds


 CURRENT VALUE OF MARQUARDT LAMBDA =    1.000E-08 ----->

 SINGULAR VALUES:-
  2.0720489E-02  4.5127567E-03  1.4832962E-04


 MATRIX OF EIGENVECTORS:-
 -0.9942658      8.9215848E-02 -5.8958540E-02
 -8.9657436E-02 -0.9959607      4.8820904E-03
 -5.8284829E-02  1.0140167E-02  0.9982485    

 Number of singular values used in solution = 3


 ------------------------------------------------------------------------------
 OPTIMISATION ITERATION NO.        :   10


 CURRENT VALUE OF MARQUARDT LAMBDA =    1.000E-08 ----->

 SINGULAR VALUES:-
  2.9485447E-02  4.8058331E-03  1.6536535E-04  3.1936897E-09


 MATRIX OF EIGENVECTORS:-
 -0.5505948     -0.1938246     -0.2185009      0.7820069    
  0.8264837     -0.2495622     -0.1939383      0.4658663    
  0.1059091      0.9485866     -7.7299786E-02  0.2880823    
  5.0530796E-02 -1.8279687E-02  0.9532419      0.2973928    

 Number of singular values used in solution = 3

 Param "q1" frozen: - update vector out of bounds


 CURRENT VALUE OF MARQUARDT LAMBDA =    1.000E-08 ----->

 SINGULAR VALUES:-
  2.0650868E-02  4.5253497E-03  1.5333888E-04


 MATRIX OF EIGENVECTORS:-
 -0.9941372      8.9585833E-02 -6.0544703E-02
 -9.0089379E-02 -0.9959178      5.6335175E-03
 -5.9792861E-02  1.1054924E-02  0.9981496    

 Number of singular values used in solution = 3


 ------------------------------------------------------------------------------
 OPTIMISATION ITERATION NO.        :   11


 CURRENT VALUE OF MARQUARDT LAMBDA =    1.000E-08 ----->

 SINGULAR VALUES:-
  2.9476967E-02  4.8078413E-03  1.6610651E-04  3.2065533E-09


 MATRIX OF EIGENVECTORS:-
 -0.5506726     -0.1938217     -0.2167926      0.7824282    
  0.8264102     -0.2496635     -0.1931948      0.4662511    
  0.1059824      0.9485565     -7.6553189E-02  0.2883539    
  5.0731352E-02 -1.8491285E-02  0.9538429      0.2954117    

 Number of singular values used in solution = 3


 ------------------------------------------------------------------------------
 OPTIMISATION ITERATION NO.        :   12


 CURRENT VALUE OF MARQUARDT LAMBDA =    1.000E-08 ----->

 SINGULAR VALUES:-
  2.9489656E-02  4.8077757E-03  1.6598408E-04  3.2037283E-09


 MATRIX OF EIGENVECTORS:-
 -0.5506644     -0.1938860     -0.2172375      0.7822946    
  0.8264231     -0.2496654     -0.1933921      0.4661455    
  0.1059503      0.9485435     -7.6751514E-02  0.2883556    
  5.0677680E-02 -1.8455224E-02  0.9536858      0.2959301    

 Number of singular values used in solution = 3


 ------------------------------------------------------------------------------
 OPTIMISATION ITERATION NO.        :   13


 CURRENT VALUE OF MARQUARDT LAMBDA =    1.000E-08 ----->

 SINGULAR VALUES:-
  2.9493907E-02  4.8078650E-03  1.6593744E-04  3.2028774E-09


 MATRIX OF EIGENVECTORS:-
 -0.5506593     -0.1939011     -0.2173959      0.7822504    
  0.8264289     -0.2496622     -0.1934616      0.4661081    
  0.1059403      0.9485416     -7.6821585E-02  0.2883470    
  5.0658731E-02 -1.8439965E-02  0.9536299      0.2961142    

 Number of singular values used in solution = 3


 ------------------------------------------------------------------------------
 OPTIMISATION ITERATION NO.        :   14


 CURRENT VALUE OF MARQUARDT LAMBDA =    1.000E-08 ----->

 SINGULAR VALUES:-
  2.9494476E-02  4.8079080E-03  1.6592960E-04  3.2027890E-09


 MATRIX OF EIGENVECTORS:-
 -0.5506582     -0.1939012     -0.2174198      0.7822445    
  0.8264299     -0.2496608     -0.1934720      0.4661026    
  0.1059392      0.9485420     -7.6832021E-02  0.2883433    
  5.0655918E-02 -1.8437030E-02  0.9536215      0.2961419    

 Number of singular values used in solution = 3


 ------------------------------------------------------------------------------
 OPTIMISATION ITERATION NO.        :   15


 CURRENT VALUE OF MARQUARDT LAMBDA =    1.000E-08 ----->

 SINGULAR VALUES:-
  2.9494573E-02  4.8079162E-03  1.6592821E-04  3.2027743E-09


 MATRIX OF EIGENVECTORS:-
 -0.5506580     -0.1939012     -0.2174240      0.7822435    
  0.8264301     -0.2496605     -0.1934738      0.4661017    
  0.1059390      0.9485421     -7.6833848E-02  0.2883426    
  5.0655428E-02 -1.8436504E-02  0.9536201      0.2961467    

 Number of singular values used in solution = 3


 ------------------------------------------------------------------------------
 OPTIMISATION ITERATION NO.        :   16


 CURRENT VALUE OF MARQUARDT LAMBDA =    1.000E-08 ----->

 SINGULAR VALUES:-
  2.9494590E-02  4.8079177E-03  1.6592797E-04  3.2027718E-09


 MATRIX OF EIGENVECTORS:-
 -0.5506580     -0.1939012     -0.2174247      0.7822433    
  0.8264301     -0.2496605     -0.1934741      0.4661015    
  0.1059390      0.9485421     -7.6834171E-02  0.2883425    
  5.0655342E-02 -1.8436410E-02  0.9536198      0.2961476    

 Number of singular values used in solution = 3


 ------------------------------------------------------------------------------
 OPTIMISATION ITERATION NO.        :   17


 CURRENT VALUE OF MARQUARDT LAMBDA =    1.000E-08 ----->

 SINGULAR VALUES:-
  2.9494593E-02  4.8079180E-03  1.6592793E-04  3.2027713E-09


 MATRIX OF EIGENVECTORS:-
 -0.5506580     -0.1939012     -0.2174249      0.7822433    
  0.8264301     -0.2496605     -0.1934742      0.4661015    
  0.1059390      0.9485421     -7.6834228E-02  0.2883425    
  5.0655326E-02 -1.8436394E-02  0.9536198      0.2961477    

 Number of singular values used in solution = 3


 ------------------------------------------------------------------------------
 OPTIMISATION ITERATION NO.        :   18


 CURRENT VALUE OF MARQUARDT LAMBDA =    1.000E-08 ----->

 SINGULAR VALUES:-
  2.9494594E-02  4.8079180E-03  1.6592792E-04  3.2027712E-09


 MATRIX OF EIGENVECTORS:-
 -0.5506580     -0.1939012     -0.2174249      0.7822433    
  0.8264301     -0.2496605     -0.1934742      0.4661015    
  0.1059390      0.9485421     -7.6834238E-02  0.2883424    
  5.0655324E-02 -1.8436391E-02  0.9536198      0.2961477    

 Number of singular values used in solution = 3


 ------------------------------------------------------------------------------
 OPTIMISATION ITERATION NO.        :   19


 CURRENT VALUE OF MARQUARDT LAMBDA =    1.000E-08 ----->

 SINGULAR VALUES:-
  2.9494594E-02  4.8079180E-03  1.6592792E-04  3.2027712E-09


 MATRIX OF EIGENVECTORS:-
 -0.5506580     -0.1939012     -0.2174249      0.7822433    
  0.8264301     -0.2496605     -0.1934742      0.4661015    
  0.1059390      0.9485421     -7.6834240E-02  0.2883424    
  5.0655323E-02 -1.8436390E-02  0.9536198      0.2961478    

 Number of singular values used in solution = 3
