 RECORD OF SVD CALCULATIONS: CASE eeek


 ------------------------------------------------------------------------------
 OPTIMISATION ITERATION NO.        :    1


 CURRENT VALUE OF MARQUARDT LAMBDA =    1.000E-08 ----->

 SINGULAR VALUES:-
  0.8879411      5.2555995E-03  3.8188244E-04


 MATRIX OF EIGENVECTORS:-
 -0.8311667     -0.1286853      0.5409271    
  0.4622752     -0.7005251      0.5436601    
  0.3089720      0.7019293      0.6417411    

 Number of singular values used in solution = 3


 ------------------------------------------------------------------------------
 OPTIMISATION ITERATION NO.        :    2


 CURRENT VALUE OF MARQUARDT LAMBDA =    1.000E-08 ----->

 SINGULAR VALUES:-
  0.9013737      5.3777135E-03  3.9205531E-04


 MATRIX OF EIGENVECTORS:-
 -0.8321742     -0.1370234      0.5373180    
  0.4616195     -0.7080655      0.5343694    
  0.3072352      0.6927249      0.6524866    

 Number of singular values used in solution = 3


 ------------------------------------------------------------------------------
 OPTIMISATION ITERATION NO.        :    3


 CURRENT VALUE OF MARQUARDT LAMBDA =    1.000E-08 ----->

 SINGULAR VALUES:-
   4.677367      2.9459161E-03  9.3999680E-05


 MATRIX OF EIGENVECTORS:-
 -0.1762280     -0.9825871     -5.8875457E-02
  0.9843491     -0.1758715     -1.1224245E-02
  6.7428378E-04 -5.9932032E-02  0.9982022    

 Number of singular values used in solution = 3


 ------------------------------------------------------------------------------
 OPTIMISATION ITERATION NO.        :    4


 CURRENT VALUE OF MARQUARDT LAMBDA =    1.000E-08 ----->

 SINGULAR VALUES:-
   2.448083      1.2157981E-03  3.8473675E-05


 MATRIX OF EIGENVECTORS:-
 -0.2121085     -0.9137070     -0.3466260    
  0.9772460     -0.1984958     -7.4763963E-02
 -4.9145812E-04 -0.3545969      0.9350191    

 Number of singular values used in solution = 3


 ------------------------------------------------------------------------------
 OPTIMISATION ITERATION NO.        :    5


 CURRENT VALUE OF MARQUARDT LAMBDA =    1.000E-08 ----->

 SINGULAR VALUES:-
  0.4287759      2.0883582E-03  9.0892917E-07


 MATRIX OF EIGENVECTORS:-
 -0.3184786     -9.8944934E-02 -0.9427520    
  0.9478124     -4.8909477E-02 -0.3150549    
 -1.4936418E-02 -0.9938902      0.1093579    

 Number of singular values used in solution = 3


 ------------------------------------------------------------------------------
 OPTIMISATION ITERATION NO.        :    6


 CURRENT VALUE OF MARQUARDT LAMBDA =    1.000E-08 ----->

 SINGULAR VALUES:-
   208.8260       5.808476      0.3299907    


 MATRIX OF EIGENVECTORS:-
 -0.1447488     -0.5991553     -0.7874394    
  0.9498183     -0.3071645      5.9120902E-02
 -0.2772960     -0.7393666      0.6135503    

 Number of singular values used in solution = 3


 ------------------------------------------------------------------------------
 OPTIMISATION ITERATION NO.        :    7


 CURRENT VALUE OF MARQUARDT LAMBDA =    1.000E-08 ----->

 SINGULAR VALUES:-
   768.9927      0.6599322      0.2287420    


 MATRIX OF EIGENVECTORS:-
 -2.1791753E-02  1.0815660E-02  0.9997040    
  0.9997126      1.0226968E-02  2.1681296E-02
 -9.9894436E-03  0.9998892     -1.1035415E-02

 Number of singular values used in solution = 3


 ------------------------------------------------------------------------------
 OPTIMISATION ITERATION NO.        :    8


 CURRENT VALUE OF MARQUARDT LAMBDA =    1.000E-08 ----->

 SINGULAR VALUES:-
   502.4307       2.115616      4.6498614E-03


 MATRIX OF EIGENVECTORS:-
 -0.1241407     -0.9907495      5.4814271E-02
  0.9922433     -0.1243105      3.1466628E-04
  6.5022334E-03  5.4428157E-02  0.9984965    

 Number of singular values used in solution = 3


 ------------------------------------------------------------------------------
 OPTIMISATION ITERATION NO.        :    9


 CURRENT VALUE OF MARQUARDT LAMBDA =    1.000E-08 ----->

 SINGULAR VALUES:-
   182.5122      0.3933414      5.9058388E-04


 MATRIX OF EIGENVECTORS:-
 -0.1176075     -0.9924454      3.4936779E-02
  0.9929940     -0.1179330     -7.4019328E-03
  1.1466215E-02  3.3821488E-02  0.9993621    

 Number of singular values used in solution = 3


 ------------------------------------------------------------------------------
 OPTIMISATION ITERATION NO.        :   10


 CURRENT VALUE OF MARQUARDT LAMBDA =    1.000E-08 ----->

 SINGULAR VALUES:-
   89.67994      0.1751870      6.8108716E-05


 MATRIX OF EIGENVECTORS:-
 -0.1242410     -0.9921398      1.4926759E-02
  0.9921855     -0.1243929     -9.7172544E-03
  1.1497658E-02  1.3602831E-02  0.9998414    

 Number of singular values used in solution = 2


 ------------------------------------------------------------------------------
 OPTIMISATION ITERATION NO.        :   11


 CURRENT VALUE OF MARQUARDT LAMBDA =    1.000E-08 ----->

 SINGULAR VALUES:-
   83.29726      0.1452556      8.0019553E-05


 MATRIX OF EIGENVECTORS:-
 -0.1061636     -0.9942518      1.3877584E-02
  0.9942315     -0.1063549     -1.3867694E-02
  1.5263930E-02  1.2325288E-02  0.9998075    

 Number of singular values used in solution = 2


 ------------------------------------------------------------------------------
 OPTIMISATION ITERATION NO.        :   12


 CURRENT VALUE OF MARQUARDT LAMBDA =    1.000E-08 ----->

 SINGULAR VALUES:-
   82.92548      0.1440707      7.8307196E-05


 MATRIX OF EIGENVECTORS:-
 -0.1048081     -0.9943990      1.3632553E-02
  0.9943744     -0.1049971     -1.3969154E-02
  1.5322291E-02  1.2091780E-02  0.9998095    

 Number of singular values used in solution = 2


 ------------------------------------------------------------------------------
 OPTIMISATION ITERATION NO.        :   13


 CURRENT VALUE OF MARQUARDT LAMBDA =    1.000E-08 ----->

 SINGULAR VALUES:-
   82.92366      0.1440653      7.8297203E-05


 MATRIX OF EIGENVECTORS:-
 -0.1048017     -0.9943997      1.3631320E-02
  0.9943751     -0.1049906     -1.3969484E-02
  1.5322411E-02  1.2090620E-02  0.9998095    

 Number of singular values used in solution = 2


 ------------------------------------------------------------------------------
 OPTIMISATION ITERATION NO.        :   14


 CURRENT VALUE OF MARQUARDT LAMBDA =    1.000E-08 ----->

 SINGULAR VALUES:-
   82.92366      0.1440653      7.8297201E-05


 MATRIX OF EIGENVECTORS:-
 -0.1048017     -0.9943997      1.3631318E-02
  0.9943751     -0.1049906     -1.3969487E-02
  1.5322413E-02  1.2090618E-02  0.9998095    

 Number of singular values used in solution = 2


 ------------------------------------------------------------------------------
 OPTIMISATION ITERATION NO.        :   15


 CURRENT VALUE OF MARQUARDT LAMBDA =    1.000E-08 ----->

 SINGULAR VALUES:-
   82.92366      0.1440653      7.8297201E-05


 MATRIX OF EIGENVECTORS:-
 -0.1048017     -0.9943997      1.3631318E-02
  0.9943751     -0.1049906     -1.3969487E-02
  1.5322413E-02  1.2090618E-02  0.9998095    

 Number of singular values used in solution = 2


 ------------------------------------------------------------------------------
 OPTIMISATION ITERATION NO.        :   16


 CURRENT VALUE OF MARQUARDT LAMBDA =    1.000E-08 ----->

 SINGULAR VALUES:-
   82.92366      0.1440653      7.8297201E-05


 MATRIX OF EIGENVECTORS:-
 -0.1048017     -0.9943997      1.3631318E-02
  0.9943751     -0.1049906     -1.3969487E-02
  1.5322413E-02  1.2090618E-02  0.9998095    

 Number of singular values used in solution = 2


 ------------------------------------------------------------------------------
 OPTIMISATION ITERATION NO.        :   17


 CURRENT VALUE OF MARQUARDT LAMBDA =    1.000E-08 ----->

 SINGULAR VALUES:-
   82.92366      0.1440653      7.8297201E-05


 MATRIX OF EIGENVECTORS:-
 -0.1048017     -0.9943997      1.3631318E-02
  0.9943751     -0.1049906     -1.3969487E-02
  1.5322413E-02  1.2090618E-02  0.9998095    

 Number of singular values used in solution = 2


 ------------------------------------------------------------------------------
 OPTIMISATION ITERATION NO.        :   18


 CURRENT VALUE OF MARQUARDT LAMBDA =    1.000E-08 ----->

 SINGULAR VALUES:-
   82.92366      0.1440653      7.8297201E-05


 MATRIX OF EIGENVECTORS:-
 -0.1048017     -0.9943997      1.3631318E-02
  0.9943751     -0.1049906     -1.3969487E-02
  1.5322413E-02  1.2090618E-02  0.9998095    

 Number of singular values used in solution = 2


 ------------------------------------------------------------------------------
 OPTIMISATION ITERATION NO.        :   19
